22
175
522
569
610
1212
1350
1433
1607
1771
2068
2118
2202
2383
2513
2717
3037
3158
3167
3347
3475
3583
3675
3718
3757
3851
4071
4220
4244
4493
4530
4637
4808
4852
4883
4986
5021
5443
5580
5756
5883
5925
6066
6289
6924
6988
7534
7559
7983
8094
8975
9073
9586
9782
10340
10466
10927
11215
11236
11482
11495
11597
11712
12124
12261
13353
13998
14012
14043
14362
14707
14900
14990
15549
15922
16111
16158
16468
16510
16830
17087
17131
18428
18457
18614
18674
19337
19634
19747
19865
20016
20161
20527
21118
21366
21746
22227
22476
22997
23205
23245
23309
23405
24050
25304
25393
25405
26064
26308
26453
26637
26774
27082
27228
27276
27770
27961
27963
28487
28917
29371
29863
29892
29916
30050
30523
31103
31109
31162
31200
31369
31384
31471
31740
31784
32045
32082
32290
32494
32806
32888
32932
32960
33180
33268
33890
34349
34400
34447
34566
34837
35038
35188
35296
35310
35590
35591
35691
35753
35890
35974
36021
36668
36782
37287
37322
38148
38577
38828
39209
39337
39369
39508
39605
39607
39617
39634
39669
39723
39935
40277
40600
40728
40851
41133
41190
41304
41316
41666
41686
41767
41968
42049
42199
42751
43166
43206
43218
43851
44260
44662
44687
44728
45272
45349
45371
45640
45713
45819
45926
46348
47593
47741
48134
48165
48201
48271
48515
48609
48760
48800
48821
49266
49927
50233
50332
50386
50475
50556
51102
51279
51882
52013
52365
52602
52971
53225
53558
54462
54569
54835
55386
55409
55680
55687
55688
55878
56088
57074
57301
57609
57790
57825
57870
58005
58020
58168
58307
58537
58854
58873
59062
59263
59709
59921
60319
60346
60347
60438
60559
60827
60894
61214
61337
61389
61548
61588
61659
62029
62121
62158
62920
63063
63170
63188
63215
63542
63569
63825
63909
64010
64016
64386
64700
65409
65569
65634
65640
65778
66077
66192
66769
67261
67415
67426
67490
67516
67728
68282
68382
68508
69085
69217
69336
69366
69489
69608
70011
70170
70360
70591
70665
70824
70845
70996
72573
72607
72799
73060
73203
73234
73465
73626
73634
73856
73888
73902
73946
74030
74075
74782
74946
75103
75222
75334
75575
75588
75890
75984
76422
76563
76637
76684
76742
76901
76902
77138
77305
77430
77432
77678
77699
77736
77959
78011
78032
78190
78194
78214
78924
79028
79063
79842
80151
80677
80906
81183
81912
81916
81978
82100
82322
82348
82756
82813
82880
82915
83119
83295
83941
84299
84321
84332
84363
84454
84473
84494
84562
84738
84815
84828
84869
85097
85342
85484
86240
86245
86614
86900
87291
87662
87805
88324
88558
89395
89620
89692
89721
89973
89984
90017
90267
90516
90519
90933
91103
91310
91330
91435
91725
92410
92478
92581
92899
93134
93465
93658
93699
93853
94108
94172
94203
94341
94633
94731
94935
94998
95161
95376
95392
95467
95535
95641
95802
95997
96341
96687
96737
96909
97448
97625
97944
97947
97963
98204
98210
98213
98459
98557
98950
99033
99308
99788
99972
100217
100506
100593
100965
101091
101135
101859
101959
102603
102629
102672
102778
102951
102980
102995
103014
103167
103613
103726
103800
104186
104382
104534
104672
104939
105664
105778
105779
106461
106749
106952
107810
107967
108271
108555
108619
108969
109016
109142
109268
109314
109455
109590
109705
109716
109793
109808
109812
109824
109978
110024
110108
110183
110268
110512
110907
111226
111227
111270
112114
112183
112350
113020
113028
113322
113492
113606
113647
113742
113872
114111
114116
114134
114179
114292
114377
114624
114700
114752
114893
115144
115488
115553
115892
115984
116271
116347
116361
116387
116532
116557
116790
117016
117303
117628
117668
117824
117887
118150
118251
118721
118753
118826
118939
119056
119063
119499
119569
119769
119820
119952
119978
120076
120177
120302
120345
120383
120538
120546
120654
120960
121166
121802
122432
122541
122556
122913
123161
123173
123174
123356
123373
123578
123734
123853
123933
124161
124326
124685
124776
124969
125126
125760
126070
126174
126232
126307
126385
126458
126736
126878
127062
127129
127235
127254
127643
127892
128135
128187
128355
128477
128522
128550
128739
128811
129236
129330
129373
129426
129801
129909
130240
130307
130409
130529
130552
130614
130749
130766
130820
131129
131147
131225
131454
132372
132536
132602
132759
132873
132882
133019
133254
133483
133595
133964
134595
134717
135113
135443
135624
136721
136768
136784
137275
137323
137340
137457
137483
137615
137674
137934
138094
138595
138833
138990
139575
139729
139760
139973
140092
140205
140308
140399
140413
140534
140747
140914
141189
141443
141449
141700
141840
141942
142162
142531
142615
142694
142971
143181
143550
143596
143698
144064
144111
144154
144188
144842
144979
145179
145229
145256
145480
145702
145859
146065
146326
146560
147129
147391
147419
147798
148087
148649
148737
149228
149942
150092
150402
150596
150900
150983
151137
151475
151639
151808
152048
152248
152250
152254
152340
152644
152680
152862
152919
152936
152957
153206
153353
153759
153919
153932
154020
154028
154156
154392
154465
154627
154822
155038
155573
155642
155784
156086
156100
156242
156622
156824
156855
157326
157465
157946
158166
158276
158367
158864
159271
159334
160012
160622
160695
160752
160758
161058
161236
161541
161929
162498
162801
162821
163091
164388
164509
164737
164948
165109
165249
165474
165666
165675
165683
166113
166128
166322
166447
166586
167184
167353
167596
167813
167838
168014
168165
168231
168394
168535
168613
168721
168824
168905
168944
169012
169086
169496
169633
169657
170123
170278
170432
170642
170815
171211
171265
171331
171590
171828
171947
172098
172127
172574
173176
173462
173611
173758
173760
173969
174008
174017
174830
174881
175042
175105
175569
175584
175588
175720
175907
176271
176476
176552
176667
176838
177019
177139
177560
177636
177737
177908
177976
178445
178548
179035
179189
179259
179273
179512
180541
180722
180844
181220
181312
181322
181653
181654
181835
182211
182526
182879
183019
183142
183236
183435
183961
184141
184286
184480
184763
185107
185108
185391
185696
186368
186478
186625
186788
186800
186940
187227
187306
187499
187529
187806
188319
188858
188930
189198
189497
189526
189774
190780
191015
191353
191483
191641
191656
191736
191922
191929
192168
192569
192783
192823
193112
193607
193678
193777
193875
193983
194004
194539
194640
194772
194926
195243
195326
195525
195997
196354
196385
196575
196586
197151
197187
197220
197724
199413
200331
200385
201129
201223
201279
201310
201700
201724
202013
202103
202138
202451
202498
202977
203192
203347
203505
203879
204133
204154
204492
204855
204994
205263
205486
205505
205815
205949
206245
206256
206554
206698
206815
206986
207253
207469
207537
207547
207573
207860
207916
208642
208774
208910
209067
209141
209337
209507
210102
210462
210560
210589
210665
210806
210923
211613
212002
212026
212055
212110
212209
212366
212625
212693
212794
213720
214050
214507
214739
214859
214947
214962
215171
215297
215433
215604
216041
216145
216182
216216
216442
216615
216868
217003
217456
217513
218090
218526
218906
218970
219110
219119
219209
219665
219680
219818
220287
220346
220383
220559
220954
221046
221249
221363
221394
221436
221472
221615
221787
221894
221960
222002
222040
222137
222197
222280
222295
222592
222626
222958
223089
223441
224098
224106
224365
224374
224384
224488
224602
224834
224935
224963
225075
225517
225637
225858
225990
226106
226252
226287
226315
226486
226492
226541
226703
226788
226945
227156
227338
227465
227512
227516
227579
227620
228095
228130
228507
228693
229189
229303
229782
229792
229854
229972
229975
230120
230289
230303
230373
230399
231284
231393
231400
231428
231650
231761
231763
231850
232532
233170
233286
233962
233973
234257
234476
234503
234670
234694
235498
235619
235684
236210
236217
236475
236542
236562
237013
237030
237138
237277
237599
237649
237673
237826
237964
238298
238432
238584
238658
238825
239308
239402
239570
239724
239882
240451
241026
241170
241353
241485
241494
241623
241817
242115
242341
242384
242401
242474
243028
243272
243837
243941
244159
244371
244484
244567
244630
244724
244760
245160
245242
246264
246643
246734
246902
246905
246916
246921
247054
247252
247351
247455
247538
248006
248055
248170
248673
248716
248845
249215
249454
250109
250158
250419
250710
251049
251101
251574
251866
251923
252265
252267
252577
252990
253053
253125
253391
253651
253681
253715
253751
253870
253921
253955
254254
254360
254606
254641
254794
255082
255200
255414
255438
255681
255710
255904
256755
256865
256998
257050
257132
257692
258305
258306
258693
259175
259276
259629
259706
259732
260177
260412
260705
260893
260945
260981
260994
261098
261134
261159
261210
261615
261731
262022
262211
262225
262739
262747
262760
263331
263642
263966
264119
264194
264222
264455
264832
265055
265264
265268
265691
265826
266050
266230
266509
266945
267104
267238
267370
267371
267458
267526
267959
268150
268943
268975
269299
269321
269517
269736
270059
270786
270836
270962
271029
271105
271167
271251
271638
271736
271857
271892
272029
272154
272747
272942
272954
273132
273207
273582
273758
274122
274371
274553
274691
274778
274909
274931
275037
275114
275329
275641
275791
276006
276029
276458
276747
276868
277261
277496
277624
277628
277838
277874
277993
278120
278261
278336
278508
278545
278963
279365
279369
279436
279610
280448
280673
280887
280913
281142
281427
281474
281516
282339
282837
282842
282991
283101
283166
283214
284163
284178
284182
284729
284830
285110
285136
285554
285578
285663
285743
285928
285989
286208
286255
286314
286511
286524
286533
286596
286632
286768
286901
287695
288233
288294
288598
288700
288859
289274
289747
289855
290095
290136
290168
290305
290526
290642
290774
291793
291821
292263
292588
293118
293700
293765
293897
294101
294253
294312
294494
294687
294743
295330
295558
295794
295795
296064
296114
296763
296972
297227
297621
297752
297906
297980
298049
298339
298356
298615
298631
298648
298802
299111
299171
299294
299327
299400
299404
299424
299531
300050
300269
300343
300380
300531
300584
300879
301325
301339
301367
301509
302231
303404
303488
303607
303720
304151
304297
304467
304644
305117
305293
306096
306237
306413
306441
306763
306770
306773
306825
306904
306905
307217
307318
307477
307613
307707
308249
308369
308433
308456
308464
308812
309672
309942
309998
310434
310475
310986
311292
311423
311571
311645
311781
311847
311921
311926
311943
311964
312076
312340
312428
312451
312770
313510
313561
313809
314101
314434
314629
314703
314854
314953
315394
315429
315700
315701
315946
316301
316603
316723
317196
317282
317659
317763
318122
318366
318607
318738
319081
319176
319237
319376
319434
319445
319476
319773
319790
319933
320214
320244
320304
320349
320628
320655
320931
320978
321601
321623
321952
322256
322328
322488
322622
322976
323037
323040
323122
323145
323194
323264
324019
324028
324204
324589
324758
324918
324981
325102
325291
326115
326174
326449
326511
326664
327372
327391
327797
327799
327929
328164
328277
328331
328507
329137
329151
329533
329945
330188
330193
330225
330465
330542
330932
331246
331350
331709
331982
332117
332133
332172
332294
332303
332395
332698
332794
333176
333297
333441
333584
334004
334475
334663
334713
334752
334998
335490
335633
335723
336254
336256
336536
336693
336793
336796
336832
336897
336941
336963
337548
338339
338413
338415
338860
339639
340070
340170
340263
340386
340694
341488
341643
341813
342220
342240
342424
342435
342908
343001
343106
343117
343357
343367
343498
343682
343753
343992
344366
344380
344508
344618
344753
344765
344867
345554
345955
346281
346346
346347
346665
346809
346966
347266
347269
347334
347391
347822
347963
348072
348095
348976
349199
349444
349785
350214
350512
350561
350570
350596
351052
351303
351320
351495
351533
351889
352443
352518
352549
352683
352867
353267
353799
354139
354253
354315
354449
354526
354656
354664
354708
354770
355206
355210
355419
355933
355968
356314
356406
356787
357064
357206
357325
357360
357518
357664
357735
358293
358345
358411
358631
358942
359097
359102
359290
359351
359387
359801
359990
360011
360075
360096
360478
360648
360825
361220
361264
361695
361754
361815
361866
362084
362227
362231
362269
362467
362560
362705
363155
363366
363877
364593
364832
364903
365330
365841
365902
365903
366273
366363
366393
366574
367079
367136
367627
368033
368146
368171
368232
368285
368299
368676
368905
368987
369288
369581
369583
370579
370854
370935
371171
371373
371496
371712
371770
371805
372036
372040
372294
372438
372616
373193
373409
373730
373736
373832
373976
374028
374149
374215
374626
374791
374805
374806
375209
375330
375640
375749
376015
376025
376301
376412
376563
376827
376861
376905
376971
377099
377259
377389
377781
377811
377874
377895
378250
378397
378509
378561
378761
378841
378901
379581
379590
379692
379890
379933
380063
380081
380093
380306
380568
380654
380685
380832
381318
381422
381429
381502
381563
381687
382037
382044
382086
382987
383052
383055
383058
383072
383125
383256
383312
383368
383756
383959
383974
384732
385485
386109
386312
386411
386485
386651
386663
386730
386765
386961
387427
387431
387505
388142
388283
388318
388488
388675
388803
388874
388995
389215
389269
389871
389935
391175
391283
391374
391501
391557
391600
391813
392141
392161
392444
393134
393476
393761
394104
394329
394368
394503
394995
395061
395079
395214
395539
395788
395835
395929
396388
396475
396521
397348
397636
397683
397797
397878
398187
398300
398484
398531
398613
398883
399362
399451
399468
399778
399854
399902
400127
400410
400595
400770
400990
401260
401332
401820
401897
402251
402369
402672
402792
403077
403436
403444
403671
403787
403857
404039
404111
404647
404973
405308
405336
405373
405511
405734
406213
406680
406817
406935
406985
407013
407181
407269
407300
407358
407478
407565
407577
407582
407674
407929
408333
408902
409620
409715
409782
409843
410072
410102
410333
411195
411623
411749
411917
412263
412330
412395
412477
413200
413848
413934
414006
414080
414637
414799
414888
414901
414928
415319
415655
415790
415971
416097
416447
416500
416572
416903
417052
417482
417824
417865
417928
417991
418046
418084
418141
418158
418259
418414
418719
418788
418935
418980
418996
419170
419236
419299
419498
420006
420028
420095
420219
420274
420372
420436
420491
420563
420876
421050
421213
421399
421447
421604
422042
422295
422296
422636
422767
422783
422942
423265
423283
423389
423487
423619
423718
423848
423922
424165
424374
424890
425243
425279
425830
425997
426103
426474
426589
426693
426737
426822
427062
427259
427404
427414
427423
428010
428119
428169
428277
428505
428702
428761
428767
428862
429274
429696
430135
430164
430403
430424
430445
430600
430726
430808
430853
430935
431032
431078
431329
431497
431512
432251
432566
432746
433227
433412
433423
433647
434055
434326
434347
434513
434537
434682
435044
435237
435278
435383
435768
435956
436230
436327
436384
436620
436625
436824
437020
438294
438320
439310
439762
439803
439865
439875
439916
439918
440272
440410
440694
441609
442771
442913
443132
443532
443650
443727
443879
443891
444026
444208
444322
444751
444775
444818
445087
445163
445391
445800
445888
446145
446188
446213
446318
446594
446655
446884
447093
447241
447249
447745
448018
448152
448479
448822
448898
448922
449137
449303
449705
449798
450389
450724
450745
450888
450921
450944
451035
451112
451666
452602
452693
452798
452811
452838
452872
452878
453270
453318
453408
453928
454033
454119
454487
454600
454969
455365
455806
455896
456265
456781
456832
456944
457135
457143
457226
457380
457420
457513
457648
457751
458314
458352
458627
458716
458873
458898
459053
459493
459596
459929
460024
460954
462042
462116
462276
462283
462413
462508
462550
462848
463077
463096
463175
463253
463338
463738
464087
464187
464240
464330
464425
464444
464560
464721
465437
465440
465543
465546
465621
465748
465858
465893
465920
466270
466526
466710
467019
467306
468734
468810
468815
469486
469725
470428
470480
470870
471304
471324
471393
471495
471829
471969
472219
472328
472578
473134
473237
473303
473550
473690
473948
474233
474251
474396
474581
474723
474904
475008
475222
475549
475781
476206
476510
476666
476779
476881
476948
477176
477430
477444
477499
477813
477845
478138
478819
479114
479304
479348
479784
479795
480155
480330
480708
480986
481167
481499
481649
481904
482380
482553
482589
482832
482880
483180
483444
483450
483655
483659
483768
483782
484441
484577
485140
485368
485374
485384
485451
485708
486192
486422
486445
486984
487031
487411
487551
487698
488207
488388
488522
488721
488892
489181
489433
489537
489671
489833
490031
490071
490074
490121
490338
490683
490738
491267
491419
491506
491662
491717
491932
492349
492427
492457
492687
492772
493045
493108
493227
493476
493711
493714
494153
494218
494477
494571
495048
495148
495238
495270
495284
495926
496000
496035
497194
497263
497487
497566
497632
497815
498101
498343
498396
498610
498825
498851
498874
499214
499363
499605
499725
499778
499786
499900
499980
500231
500303
500397
500672
500859
501698
502252
502559
502661
502775
502802
502853
502913
502974
503162
503282
503855
503921
504233
504336
504445
504693
504772
504945
505091
505236
505387
505428
505438
505620
505687
505802
506132
506527
506681
506906
507085
507114
507260
507439
507466
507793
507972
507980
508280
508751
508814
508882
508927
508965
509035
509096
509686
509977
510002
510252
510645
510669
510686
510949
511139
511202
511221
511464
511669
511924
512047
512419
512534
512966
513000
513259
514225
514273
514329
514662
514672
514867
515187
515332
515382
515391
515728
515891
515915
515919
516141
516339
516390
516977
517273
517484
517624
517740
517894
517970
518357
518404
518407
518802
518919
519018
519392
519660
519809
520243
520461
520871
521088
521417
521694
521753
522048
522049
522357
522502
522553
522932
523074
523218
523852
523875
524082
524338
524397
524520
524551
524641
524648
524779
524838
524856
525152
525315
525343
525539
526579
526591
527551
527835
527954
528299
528311
528623
528787
528827
528921
529522
529915
529950
530169
530246
530430
530692
530852
530897
530926
531202
531639
532084
532380
532405
532413
533012
533226
533288
533319
533355
533470
533518
533562
533674
533813
534074
534247
534249
534684
534764
534795
534931
535412
535724
535923
535972
536031
536056
536556
536590
536605
537250
537355
537412
537464
537600
537643
537876
537960
537998
538371
538584
539363
539376
539449
539731
539815
540086
540142
540182
540786
540809
540885
541016
541182
541554
541807
541923
541935
541957
542129
542349
542737
542796
543072
543326
543412
543830
544146
544384
544530
544585
544665
544932
545077
545285
545893
545967
546035
546069
546100
546398
546544
546685
546869
546871
546883
547138
547560
547748
547754
547788
547898
547917
548258
549636
549659
549713
549756
549868
550088
550298
550385
550436
550450
550711
550893
550926
551124
551307
551675
551736
551954
551972
552097
552214
553185
553195
553198
553208
553411
553430
553492
553590
553632
553643
553682
553933
553994
554057
554165
554306
554353
554365
554631
554929
555230
555265
555695
555799
555889
555902
556251
556376
556389
556626
557061
557148
557161
557356
557421
557515
557675
558168
558176
558221
558553
558648
558806
559017
559167
559237
559382
559408
559746
560214
560396
560459
560757
560993
561138
561210
561578
561592
562021
562247
562445
562479
562659
562922
562989
562997
563007
563013
563093
563099
563119
563133
563664
564192
564291
564560
564641
564672
565185
565284
565772
565815
565972
566084
566148
566581
566722
566786
567123
567348
567491
567596
567733
567855
567886
568157
568388
568427
568663
568743
568915
569081
569120
569197
569717
569897
570123
570199
570251
570513
570565
571240
571270
571430
571535
571749
571762
571999
572465
572579
572774
572826
572836
573771
573922
573926
574754
574810
574909
574999
575148
575323
575519
575520
575803
575826
575844
576404
576673
576938
577447
577545
577872
578021
578403
578427
578491
578571
578620
578771
578805
578965
579074
579080
579246
579256
579300
579709
579933
580174
580808
581406
581723
581786
581855
582070
582117
582191
582235
582621
582843
582886
582908
582920
582933
583232
583251
583272
583526
583614
583676
583840
583901
583935
584316
584400
584420
584443
584497
584872
585203
585250
585358
585742
585762
585838
585864
585934
586108
586129
586232
586386
586557
586687
587034
587108
587120
587348
587529
587627
587817
587861
587869
588045
588267
588398
588610
589050
589216
589500
589667
589688
589764
590034
590618
590703
590704
590927
591004
591330
591404
591614
591722
591863
592177
592306
592425
592495
592528
592555
592615
592665
592872
593184
593767
593834
594013
594031
594073
594099
594152
594178
595168
595281
595302
595761
595918
596051
596141
596618
596714
596729
597251
597637
597843
597959
598332
598491
598548
598832
598886
598895
599487
599496
599556
599912
599949
600089
600731
601159
601315
601886
601996
602138
602162
602165
602326
602368
603140
603249
603612
604523
604539
604542
604693
605348
605623
605703
605839
606029
606442
606621
607383
607467
607682
607777
608122
608445
608596
608922
609369
609681
609827
610113
610148
610436
610607
610855
610994
611217
611225
611293
611298
611686
611856
612087
612122
612338
612638
612961
613195
613260
613660
613678
613681
614106
614212
614309
614380
614449
614494
614497
614522
614571
614832
614891
615278
615376
615553
615933
616584
616748
616911
616913
617236
617382
617386
617415
617601
617669
618038
618195
618302
618461
618482
618592
618707
618842
618998
619037
619055
619401
619601
619784
619794
619890
620262
620577
620653
620780
620914
620968
621098
621290
621319
621362
621428
621501
621525
621712
622283
622572
622598
622765
623093
623275
623417
624283
624487
624658
624697
624711
625249
625465
625712
625856
626001
626103
626267
626615
626714
626729
626870
626980
627042
627060
627499
627552
629194
629705
629801
630031
630499
630717
630743
631105
631293
631467
631644
631723
631999
632307
632520
632563
632615
632701
632870
632943
633082
633096
633377
633443
633625
633838
634033
634050
634275
634372
634558
634870
635008
635039
635212
635283
635496
635952
636007
636014
636033
636049
636228
636296
637299
637417
637499
637848
637925
638827
638874
638917
638969
639143
639289
639507
639529
639834
639845
639933
639967
639971
640037
640133
640320
640860
640901
640912
641535
641665
641739
642306
642694
643082
643131
643417
643426
643547
644150
644252
644381
644437
644467
644541
644634
645350
646339
646618
646765
646840
646874
646973
647531
647640
647966
648262
648284
648840
648950
648958
649531
649624
649889
650002
650187
650317
650383
651013
651144
651176
651513
651746
651956
652128
652343
652927
652998
653022
653061
653162
653310
653509
653696
653893
654387
654533
654589
654894
655604
655619
655630
655672
655683
655785
656101
656352
656372
656441
656697
657274
657496
657557
657684
657776
657901
658509
658517
659256
659642
659868
660580
660952
660985
661131
662178
662213
662258
662451
662568
662689
662737
662790
662878
663220
663327
663477
663978
664445
664524
664638
664976
665020
665333
665695
665967
666003
666192
666328
666438
666533
666816
667013
667042
667051
667067
667212
667456
667597
668275
668450
668706
668790
668797
669360
669577
669583
669863
670234
670900
670924
670968
671011
671898
672015
672219
672302
672731
672835
672952
673008
673154
673384
673725
673968
674002
674092
674370
674515
674621
674624
674922
675073
675129
675496
675854
675974
676768
676996
677046
677059
677244
677274
677644
677673
677683
677764
677851
677946
678023
678120
678723
678945
679088
679110
679738
679841
679942
680067
680303
680394
680759
681608
681944
682061
682210
682239
682295
682341
682443
682843
683114
683121
683381
683477
683479
684132
684225
684428
684446
685179
685180
685313
685339
685353
685565
685849
686521
686641
686760
686797
687415
687582
688001
688097
688384
689072
689147
689343
689536
689858
690119
690292
690556
690704
690776
690790
690913
691036
691362
691543
691632
691768
691948
692147
692526
692854
693404
693664
694504
694510
694736
694847
695007
695219
695356
695512
695723
695814
696104
696302
696308
696746
696853
697035
697243
697514
697576
697801
698113
698116
698124
698174
698413
698421
698449
698709
698797
698907
699119
699291
699298
699579
699937
700359
700413
700519
700905
701460
701572
702287
702452
702575
702726
702810
703133
703190
703216
703234
703757
703801
703846
703861
703916
704008
704378
704554
704677
705445
705729
705817
705918
706247
707087
707852
707918
708023
708288
708468
709457
709522
709527
709911
710452
710654
710712
710727
710856
711067
711300
711420
711680
711906
711979
712038
712504
712647
713354
713549
713644
714356
714410
714423
714560
714859
714885
715137
715229
715405
715547
715613
715723
716022
716068
716363
716418
716565
716690
716962
717217
717304
717423
717463
717733
717786
717946
717954
718662
718689
718842
718951
719267
719869
720026
720084
720219
720736
720965
721190
721219
721446
721932
721994
722258
722317
722386
722436
722826
723185
723244
723329
723343
723358
723549
723627
723693
723832
724016
724071
724377
724441
724689
725006
725165
725177
725236
725487
725632
726100
726194
726232
726411
726548
726573
726727
726865
727057
727282
727527
727758
728035
728188
728568
728926
729006
729017
729314
729686
729928
729939
730110
730267
730475
730618
730820
731114
731295
731443
731981
732180
732522
733322
733376
733395
733522
733818
734036
734177
734291
734306
734535
734892
734930
735093
735164
735244
735504
735797
736348
736752
736838
736845
737104
737622
737661
738003
738030
738085
738282
738591
738637
738682
739067
739161
739164
739388
739687
739897
740381
740469
740792
741288
741313
741329
741414
741438
741540
741551
741687
741915
742155
742167
742247
742304
743413
744058
744316
744522
744675
745115
745597
745616
745677
745865
746006
746045
746123
746127
746138
746140
746188
746792
747272
747305
747546
747732
747760
748249
748283
748309
748480
749157
749574
749873
749895
749974
750292
751281
751307
751323
751543
751658
751762
751903
752073
752183
752219
752387
752829
752945
753977
754292
754506
754978
755466
755497
755787
755815
755859
755875
755955
756188
756239
756415
756941
757023
757112
757222
757421
757575
757578
757802
758149
758282
758457
758523
758639
758970
758985
759121
759153
759290
759317
759560
759618
759731
760207
760458
760986
761064
761264
761400
761676
761900
761949
761990
762226
762396
762821
762918
763022
763118
763225
763880
764006
764257
764891
765108
765264
765320
765456
765500
765632
765873
766374
766425
766791
767198
767480
767661
767710
767783
767801
768234
768354
768362
768416
768788
768855
768933
769146
769175
769452
769463
769567
769857
770105
770300
770360
770419
770771
770994
771473
771505
771616
772024
772074
772322
772699
772715
772945
772976
773026
773183
773261
773340
773401
773469
773523
773770
774061
774077
774368
774830
774907
775060
775269
775316
775374
775557
776005
776190
776230
776241
776265
776300
776624
778065
778116
778700
778715
778833
779159
779421
779604
779806
779948
779949
780230
780274
780298
780409
780441
780450
780653
780838
781058
781182
781431
781439
781599
781794
781946
782342
782891
783059
783537
783559
783564
783690
783712
784039
784185
784329
784506
784681
784748
784950
784967
785425
785668
785762
786456
786527
786642
786644
786704
787166
788142
788663
788711
788908
789115
789475
789484
789552
789612
789769
789854
790232
790734
790788
790979
790982
791143
791398
792246
792534
792793
792935
793173
793277
793359
793516
793730
794354
794369
794742
794973
795167
795309
795485
795731
795804
796295
796435
796518
796838
797477
797721
797966
798141
798318
798559
798598
798803
798908
799028
799080
799392
799491
799527
799626
799829
800015
800169
800176
800412
800485
800491
800643
800743
800895
801061
801325
801503
801515
801690
801746
802451
803170
803228
803356
803370
803534
803674
803890
804064
804083
804189
804284
804372
804383
804437
804558
804630
804827
805445
805558
805786
805824
806031
806094
806114
806181
806199
806360
806831
806901
806997
807207
807282
807286
807859
807996
808240
808347
808509
808780
808844
808859
809098
809590
809611
809730
809768
809914
810413
810431
810497
810632
810803
811115
811199
811223
811302
811692
811878
812000
812006
812332
812435
812601
812615
812619
812772
812990
813329
813358
813911
814231
814852
815011
815380
815417
815466
815517
816175
816443
816637
817408
817495
817510
817745
817860
818166
818963
819110
819122
819637
819918
820717
820733
820908
821351
821509
821534
821551
821732
821786
821914
821947
822011
822248
822268
822280
822401
822705
822925
823142
823169
823205
823404
823499
823604
823672
823679
823770
823827
823866
824398
824432
824466
824576
824619
824903
824966
825085
825197
825600
826135
826183
826482
826693
826977
826994
827094
827183
827225
827518
827519
827847
828025
828364
828691
828789
828888
829045
829126
829370
829411
830204
830218
830233
830413
830573
830753
830821
831050
831779
832036
832393
832429
832432
832456
832544
832771
832826
832922
832989
833165
833424
833583
834135
834144
834736
834782
834852
835224
835293
835335
835559
835836
835896
836005
836009
836051
836517
836556
837213
837358
837577
837785
837980
838132
838347
838567
838782
838863
838886
839082
839119
839341
839436
839717
839740
839961
840891
841349
841428
841531
841745
841903
842235
842511
842701
843071
843101
843179
843230
843833
843997
844243
844260
844286
844490
844572
844873
845437
845491
845606
845792
845957
847038
847302
847617
847722
847883
848069
848340
848440
848614
848647
849102
849297
849505
849627
849730
849943
850197
850242
850253
851246
851381
851480
851543
852132
852143
852266
852447
852558
852782
852783
853016
853122
853294
853443
853452
853605
853979
854254
854293
854296
854432
854545
855041
855174
855505
855709
856347
856516
856609
856611
856720
856953
857422
857660
857781
857925
858141
858196
858856
859448
859915
860004
860030
860032
860138
860343
860480
860535
860584
860695
860905
861506
861848
862430
862554
862720
863056
863119
863672
863776
863969
864310
864312
864451
864631
864749
864969
865046
865341
865369
865795
866560
866612
866741
866831
866955
866992
867109
867296
867318
867350
867402
867564
867652
867682
867743
867981
868083
868234
868282
868386
868399
868516
868658
868819
869128
869288
869371
869431
869497
869586
869639
869661
869742
870040
870722
870735
870779
871464
871495
871497
871652
871739
871906
871984
872093
872231
872405
872501
872835
873221
873303
873495
873595
874174
874488
874603
874754
875468
875655
875715
875914
875916
875951
875994
876323
876537
877746
878089
878237
878265
878367
878382
878539
878776
879278
879500
879513
879542
879679
879924
880074
880543
880875
881007
881139
881301
881396
881585
882035
882053
882937
883542
883863
884011
884221
884259
884309
884360
884378
884583
884639
884703
884985
885031
885601
885955
886119
886168
886547
886682
886857
886997
887168
887899
887957
888044
888204
888298
889058
889161
889242
889474
889539
889710
890318
890756
891136
891233
891469
891547
891626
891646
892023
892080
892176
892406
892480
892540
892613
892691
892798
893014
893102
893171
893320
893386
893531
894257
894306
895535
895849
895929
896032
896137
896194
896245
896565
896759
897043
897501
897691
897907
898239
898474
898726
898858
899169
899209
899217
899500
899600
899971
900032
900208
900239
900762
900806
900829
900917
901429
901450
901687
902249
902273
902534
902667
902681
903348
903386
903411
903552
903692
903997
904000
904414
904492
904547
904922
904927
904952
905398
905636
906017
906155
906596
906643
907465
907520
907626
907636
907898
908090
908189
908565
908603
908992
909158
909382
909628
909716
909757
909785
909883
910458
910506
910545
910587
910735
910798
911120
911196
911272
911327
912314
912403
912657
912676
912978
912979
912995
913347
913446
913454
913555
913611
913624
913740
913749
913774
914028
914192
914519
914618
914628
914683
914830
915051
915243
915329
915362
915533
916243
916412
916689
916792
916938
916967
917023
917494
917651
917691
917721
918167
918720
918776
918882
919233
919720
919908
920196
920203
920268
920333
920887
921059
921680
921727
921764
921816
922113
922248
923278
923288
923772
923827
924057
924077
924529
925033
925986
926062
926157
926304
926367
926460
926466
926536
926567
926638
926855
926862
927168
927649
927839
927880
928086
928688
928901
929133
929416
929790
929864
930110
930125
930238
930287
930504
930533
930954
930958
931055
931066
931489
932049
932416
932528
932662
932945
933131
933342
934132
934195
934469
934518
935225
935298
935717
935941
936051
936633
937113
937128
937698
937845
938554
938661
938890
939160
939248
939310
940350
940583
940764
940833
940863
941331
941674
941807
942147
942220
942347
942353
942383
942843
942862
942864
942923
943396
943807
943932
944061
944095
944203
944451
944505
944660
944858
944912
945392
945408
945871
946031
946229
946248
946283
946731
946778
946889
947064
947118
947280
947900
947925
947972
948223
948711
948829
949027
949064
949093
949575
950035
950450
950453
950706
950928
951189
951253
951342
951630
951993
952557
952865
953082
953372
953614
953670
953671
953822
953892
954246
954261
954412
954482
954550
954875
954904
955187
955793
955802
956093
956261
956316
956367
956426
956438
956455
956676
956780
956950
957184
957302
957548
957596
957697
957798
957875
957939
958165
958654
958754
958856
959141
959217
959234
959428
959503
959698
960025
960202
960352
960473
960501
960727
961546
961697
961889
962414
962474
962546
962678
963258
963287
963537
963684
963833
963878
964183
964349
964393
964437
964942
965122
965140
965274
965377
965535
965932
966125
966260
966500
966835
967510
967520
967878
967900
968066
968119
968577
969094
969251
969427
969672
969857
969859
970131
970217
970264
970875
970880
971296
971939
972126
972365
972482
972548
972821
973089
973172
973564
973954
974312
974456
974558
974646
974843
974935
975018
975040
975205
976066
976115
976313
976568
976724
976867
977350
977446
977449
977479
977504
977578
977793
977872
977952
978015
978155
978218
978272
978697
978701
978826
978858
978963
979172
979199
979273
979426
979625
979800
979928
980205
980394
980901
980950
980974
981130
981228
981404
981646
981655
981854
981977
982183
982543
982903
982969
983062
983207
983519
983755
984107
984324
984551
984860
984915
984939
986328
986633
986977
987054
987069
987808
987835
987875
988260
988323
988593
989233
989440
989673
989738
989991
990348
990651
990674
990792
990982
991236
991406
991674
991729
991832
991841
992104
992359
992665
992938
992987
993060
993302
993735
993775
994230
994500
994545
994771
994904
995123
996468
996527
996980
997289
997327
997787
997806
997975
998319
998633
998667
998916
999140
999259
